impulsus impfflsu G 1813 Vi 172.
impune N 3223 D 85.

impunitas impunitatem N 335 in-
punitate A 322; impunitates (ac.)
ὶωξιιιιῗίθῑιιιέ 111111151111111 (ac.) Cl 43.

imputo imputauit Tib 532; imputa-

rent N 362..

in (cum ac.) (loc.) J 2, 42, 8, 162, 172,
204, 231, 241, 283 ὂίθ, 301, 351, 352,
421) 443) 493, 521) 565) 581) 63) 64643)
66, 684bi8, 70, 71, 754, 763, 791, 792,
861) 862) 802) 864) 824) 841) 843) 88ἷ
Α 21, 81, 133) 161) 163) 173) 182) 211)
241) 262) 274) 362) 342) 36) 443) 47)

’ 491, 571, 59, 653, 654, 672, 691 Iris,

712) 722) 781 bis, 852, 873) 90) 921)
943, 948, 949, 962 bis, 971, 973, 992,
1003, 1004; Tib 24, 41, 42, 43, 63, 92,
112, 113, 143 bi8, 144, 151 bis, 20 bis,
211, 311, 352, 36, 373 bis, 38, 40, 41,
431) 512) 532, 614 ὁ’43) 622) 722, 761)
75ἳῖ Gal 11, 5) 61) 83) 9) 122, 141,
142, 151, 154, 164, 221, 224 bis, 321,
341, 352, 412, 451, 493, 52, 542 bis,
551, 552, 573, 59, 60 bi83 Cl 12, 22,
4³ ωδ) 91 bis, 161) 102) 163) 121) 123)
154) 173) 182) 261) 241) 243) 252) 254,
271, 33Ιῖ N 32) 4) 72) 8 bis, 123, 124,
131, 132 bis, 152, 193, 201, 202, 211,
241, 262 bis, 313, 333, 404, 412, 431,
461, 471 bis, 472bis, 473 bis, 483, 484,
494, 51, 52, 53; G 1, 42, 82, 105, 122,

SVETONIANVS in

752) 753) 802) 864) 832) 88ἶ Α 21 bis,
71) 82 bi& 162) 163) 131) 15) 162) 164)
182, 232, 263, 271, 272, 274, 301, 313
bis, 321, 411, 453, 454, 491 δίε, 511,
572, 622) 632) 642) 671) 68) 712, 74)
791) 80) 863) 662) 982) 984) 1603 ωῧ)
1004, 1013, le 11, 21, 22, 24, 31, 41,
43, 5 bis, 71 bis, 73, 8 bis, 123, 132,
162, 213, 215, 251, 253, 262, 311, 341,
373, 374, 491 bis, 492, 511, 523, 56,
611, 612, 613, 615, 651, 672, 673, 722
bis3 Cal 12, 33, 102, 121, 142, 152,
191, 193, 221, 222, 233, 241, 243, 265,
<291)) 3ο1) 302, 323, 362) 371) 42) 442)
451, 46, 47, 482, 501, 502, 531, 562,
583} CI 21, 32, 5) 7) 92) 164) 111) 122,
132, 14, 154, 162, 172, 182, 201, 203,
212) 231) 251) 252, 262) 263) 28) 292)
332, 342, 36, 372, 381, 391, 392, 45; N
11) 21) 22) 64) 71) 151) 152) 18) 263)
281, 362) 363) 322) 342) 353) 355) 361
bis, 391 bis, 411, 422, 432 bis, 452,
461, 463, 494, 5l; G 71, 91, 11, 161,
162, 17, 192, 201, 202 bis, 22, Ο 12,
42, 81, 93, 101ῐ Vi 23, 102 bi& 131,
151 ὁ43) 153) 18ἶ ve 41) 43) 46) 51)
53, 63, 84, 10, 14, 15, 17 bis, 20, 21,
2ὄῖ Τ 42) 43) 71ἶ D 11 bis, 13) 32) 61
ter, 82, 83, 182, 22; Gr 2, 31, 42, 91
bis, 101, 102, 13, 21, 22, 232; R 17, 5
ter, 61 bis, 62, 63; Η 13.

u. dies, in perpetuum, posterum,
usque.

17, 192, 202, 233 Ο 21, 22, 32, 63, 82 in (cum ab.) (loc.) J 2, 3, 42, 71, 91, 92

bak-33 Vi 13, 71, 82, 9, 103, 12, 153, 16
ier, 171, 1723 Ve 14, 3, 41 bis, 44, 53 bis,
55, 56, 57 bis) 63) 64) 71) 81) 18) 192)
21ἶ T 53) 85} D 12) 21) 45) 161) 111)
112, 131, 144, 152, 162, 19; Gr 2 bis,
31) 32) 42) 5) 6) 92) 15) 17) 231ἶ R 12
δίδ, 13, 4; Ter 12 bis, 32, 42, 42, 523 Η
in (temp.) J 142, 241, 251, 402, 521, 57,
762 bis, 763, 821; Α 172, 331, 402,
443, 971, Tib 93, 161, 22, 322, 481,
74, 752; Cal 5745 Cl 43, 7, 32; Ν
152, 201, 212 θὶδ, 222, 231, 473; Vi 31,
72, ll2; Ve 645 D 93, 161; Gr 17.
in (uarie) J 42, 5, 62, 91, 12, 141, 15,
162, 171, 201, 205, 231, 251, 262 bis,
271, 291 bis, 341, 352, ’36, 381, 392,
393 ωδ) 413) 442) 493) 561 δίε) 541)
542, 552, 61, 62, 681, 683, 741, 742,

113

quater, 101bi8‚ 171, 201, 222, 252ter,
26317028, 305 bis, 342, 35217138, 36 quin—
quie& 382, 391, 392, 394, 441) 46 ter,
493 quater, 51, 541, 542, 553, 554,
561, 566, 567, 581, 59 bi8, 62, 70, 761
bis, 804 ter, 811 ter, 813, 823, 831 bis,
832, 841, 843 bis, 85, 88 bis; A 22, 31,
6, 71, 72, 14, 161, 172, 173, 211, 212
bis, 231, 253, 261, 263 bis, 272, 282
bis, 291 ter, 293, 315 biS, 322, 352,
35³, 405, 431 septies, 432 bis, 434,
435, 441, 443, 454, 46, 491, 493, 52
bis, 533 bis, 54, 55, 562, 563, 571,
581, 60, 643, 651 bis, 672, 68 bis, 702
bis, 721 quater, 722 ter, 74, 761, 762,
77, 782, 821, 83, 841, 851 bis, 871,
912, 944 ter, 945 bis, 945, 947 bis, 948,
9412, 962 bis, 971, 1001, 1002 quater,
1011, 1014 bis, Tib 23, 5, 63, 71

